| City         | Number of stores | Planned Spends | Spends  | Plan Spends/ Store | Spent/Store | Impressions | CPM   | Views   | VTR | Clicks  | CTR   | CPC  | Store Visits | Visits/Store | Planned Daily Visits/ Store | Daily visits/ store | Planned Cost/ SV | Cost/ SV | Reach     |
| ------------ | ---------------- | -------------- | ------- | ------------------ | ----------- | ----------- | ----- | ------- | --- | ------- | ----- | ---- | ------------ | ------------ | --------------------------- | ------------------- | ---------------- | -------- | --------- |
| Ahmedabad    | 6                | 216,000        | 527,693 | 36,000             | 87,949      | 40,364,840  | 13.07 | 498,090 | 89% | 792,531 | 1.96% | 0.67 | 26,658       | 83,015       | 30                          | 2,678               | 40               | 1.06     | 8,171,471 |
| Amreli       | 1                | 36,000         | 89,285  | 36,000             | 89,285      | 6,237,206   | 14.31 | 104,731 | 88% | 116,367 | 1.87% | 0.77 | 7,451        | 104,731      | 30                          | 3,378               | 40               | 0.85     | 465,340   |
| Asansol      | 1                | 36,000         | 88,728  | 36,000             | 88,728      | 7,179,841   | 12.36 | 97,954  | 87% | 129,119 | 1.80% | 0.69 | 2,879        | 97,954       | 30                          | 3,160               | 40               | 0.91     | 1,840,114 |
| Bardoli      | 1                | 36,000         | 71,867  | 36,000             | 71,867      | 4,067,888   | 17.67 | 53,176  | 90% | 45,809  | 1.13% | 1.57 | 911          | 53,176       | 30                          | 1,715               | 40               | 1.35     | 242,648   |
| Howrah       | 1                | 36,000         | 88,336  | 36,000             | 88,336      | 8,431,420   | 10.48 | 95,974  | 87% | 154,574 | 1.83% | 0.57 | 2,161        | 95,974       | 30                          | 3,096               | 40               | 0.92     | 1,363,977 |
| Kolkata      | 2                | 72,000         | 175,832 | 36,000             | 87,916      | 15,146,912  | 11.61 | 153,289 | 87% | 272,430 | 1.80% | 0.65 | 3,779        | 76,645       | 30                          | 2,472               | 40               | 1.15     | 2,636,998 |
| Mehsana      | 1                | 36,000         | 89,541  | 36,000             | 89,541      | 5,609,250   | 15.96 | 83,504  | 89% | 85,241  | 1.52% | 1.05 | 3,584        | 83,504       | 30                          | 2,694               | 40               | 1.07     | 600,764   |
| Palanpur     | 1                | 36,000         | 89,090  | 36,000             | 89,090      | 6,979,822   | 12.76 | 110,085 | 87% | 134,415 | 1.93% | 0.66 | 3,398        | 110,085      | 30                          | 3,551               | 40               | 0.81     | 670,641   |
| Rajahmundry  | 1                | 36,000         | 88,832  | 36,000             | 88,832      | 5,102,713   | 17.41 | 74,549  | 89% | 97,807  | 1.92% | 0.91 | 2,561        | 74,549       | 30                          | 2,405               | 40               | 1.19     | 601,006   |
| Rajkot       | 1                | 36,000         | 88,418  | 36,000             | 88,418      | 9,504,042   | 9.30  | 141,304 | 88% | 173,738 | 1.83% | 0.51 | 5,333        | 141,304      | 30                          | 4,558               | 40               | 0.63     | 1,325,760 |
| Secunderabad | 1                | 36,000         | 88,127  | 36,000             | 88,127      | 7,326,039   | 12.03 | 24,755  | 88% | 83,378  | 1.14% | 1.06 | 1,559        | 24,755       | 30                          | 799                 | 40               | 3.56     | 1,141,916 |
| Surat        | 1                | 36,000         | 87,599  | 36,000             | 87,599      | 8,669,517   | 10.10 | 214,419 | 88% | 177,202 | 2.04% | 0.49 | 6,273        | 214,419      | 30                          | 6,917               | 40               | 0.41     | 1,709,047 |
| Vadodara     | 1                | 36,000         | 88,281  | 36,000             | 88,281      | 7,151,598   | 12.34 | 109,402 | 88% | 143,471 | 2.01% | 0.62 | 5,721        | 109,402      | 30                          | 3,529               | 40               | 0.81     | 1,223,314 |
| Vijayawada   | 2                | 72,000         | 141,138 | 36,000             | 70,569      | 6,310,676   | 22.36 | 644     | 89% | 135,894 | 2.15% | 1.04 | 2,247        | 322          | 30                          | 10                  | 40               | 219.16   | 1,596,898 |
| Warangal     | 1                | 36,000         | 89,417  | 36,000             | 89,417      | 6,374,397   | 14.03 | 78,340  | 88% | 86,043  | 1.35% | 1.04 | 1,300        | 78,340       | 30                          | 2,527               | 40               | 1.14     | 538,551   |

SV = Store visits, CPC = Average Cost per click
As this table proves how successfull and cost efficient the project was.












The numbers are just estimates and have nothing to do with real world scenarios.
